89
89
178
267
445
712
1157
1869
3026
4895
7921
12816
20737
33553
54290
87843
142133
229976
372109
602085
974194
1576279
2550473
4126752
6677225
10803977
17481202
28285179
45766381
74051560
119817941
193869501
313687442
507556943
821244385
1328801328
2150045713
3478847041
5628892754
9107739795
14736632549
23844372344
38581004893
62425377237
101006382130
163431759367
264438141497
427869900864
692308042361
1120177943225
1812485985586
2932663928811
4745149914397
7677813843208
12422963757605
20100777600813
32523741358418
52624518959231
85148260317649
137772779276880
222921039594529
360693818871409
583614858465938
944308677337347
1527923535803285
2472232213140632
4000155748943917
6472387962084549
10472543711028466
16944931673113015
27417475384141481
44362407057254496
71779882441395977
116142289498650473
187922171940046450
304064461438696923
491986633378743373
796051094817440296
1288037728196183669
2084088823013623965
3372126551209807634
5456215374223431599
8828341925433239233
14284557299656670832
23112899225089910065
37397456524746580897
60510355749836490962
97907812274583071859
158418168024419562821
256325980299002634680
414744148323422197501
671070128622424832181
1085814276945847029682
1756884405568271861863
2842698682514118891545
4599583088082390753408
7442281770596509644953
12041864858678900398361
19484146629275410043314
31526011487954310441675
51010158117229720484989
82536169605184030926664
133546327722413751411653
216082497327597782338317
349628825050011533749970
565711322377609316088287
915340147427620849838257
1481051469805230165926544
2396391617232851015764801
3877443087038081181691345
6273834704270932197456146
10151277791309013379147491
16425112495579945576603637
26576390286888958955751128
43001502782468904532354765
69577893069357863488105893
112579395851826768020460658
182157288921184631508566551
294736684773011399529027209
476893973694196031037593760
771630658467207430566620969
1248524632161403461604214729
2020155290628610892170835698
3268679922790014353775050427
5288835213418625245945886125
8557515136208639599720936552
13846350349627264845666822677
22403865485835904445387759229
36250215835463169291054581906
58654081321299073736442341135
94904297156762243027496923041
153558378478061316763939264176
248462675634823559791436187217
402021054112884876555375451393
650483729747708436346811638610
1052504783860593312902187090003
1702988513608301749248998728613
2755493297468895062151185818616
4458481811077196811400184547229
7213975108546091873551370365845
11672456919623288684951554913074
18886432028169380558502925278919
30558888947792669243454480191993
49445320975962049801957405470912
80004209923754719045411885662905
129449530899716768847369291133817
209453740823471487892781176796722
338903271723188256740150467930539
548357012546659744632931644727261
887260284269848001373082112657800
1435617296816507746006013757385061
2322877581086355747379095870042861
3758494877902863493385109627427922
6081372458989219240764205497470783
9839867336892082734149315124898705
15921239795881301974913520622369488
25761107132773384709062835747268193
41682346928654686683976356369637681
67443454061428071393039192116905874
109125800990082758077015548486543555
176569255051510829470054740603449429
285695056041593587547070289089992984
462264311093104417017125029693442413
747959367134698004564195318783435397
1210223678227802421581320348476877810
1958183045362500426145515667260313207
3168406723590302847726836015737191017
5126589768952803273872351682997504224
8294996492543106121599187698734695241
13421586261495909395471539381732199465
21716582754039015517070727080466894706
35138169015534924912542266462199094171
56854751769573940429612993542665988877
91992920785108865342155260004865083048
148847672554682805771768253547531071925
240840593339791671113923513552396154973
389688265894474476885691767099927226898
630528859234266147999615280652323381871
1020217125128740624885307047752250608769
1650745984363006772884922328404573990640
2670963109491747397770229376156824599409
4321709093854754170655151704561398590049
6992672203346501568425381080718223189458
11314381297201255739080532785279621779507
18307053500547757307505913865997844968965
29621434797749013046586446651277466748472
47928488298296770354092360517275311717437
77549923096045783400678807168552778465909
125478411394342553754771167685828090183346
203028334490388337155449974854380868649255
328506745884730890910221142540208958832601
531535080375119228065671117394589827481856
860041826259850118975892259934798786314457
1391576906634969347041563377329388613796313
2251618732894819466017455637264187400110770
3643195639529788813059019014593576013907083
5894814372424608279076474651857763414017853
9538010011954397092135493666451339427924936
15432824384379005371211968318309102841942789
24970834396333402463347461984760442269867725
40403658780712407834559430303069545111810514
65374493177045810297906892287829987381678239
105778151957758218132466322590899532493488753
171152645134804028430373214878729519875166992
276930797092562246562839537469629052368655745
448083442227366274993212752348358572243822737
725014239319928521556052289817987624612478482
1173097681547294796549265042166346196856301219
1898111920867223318105317331984333821468779701
3071209602414518114654582374150680018325080920
4969321523281741432759899706135013839793860621
8040531125696259547414482080285693858118941541
13009852648978000980174381786420707697912802162
21050383774674260527588863866706401556031743703
34060236423652261507763245653127109253944545865
55110620198326522035352109519833510809976289568
89170856621978783543115355172960620063920835433
144281476820305305578467464692794130873897125001
233452333442284089121582819865754750937817960434
377733810262589394700050284558548881811715085435
611186143704873483821633104424303632749533045869
988919953967462878521683388982852514561248131304
1600106097672336362343316493407156147310781177173
2589026051639799240864999882390008661872029308477
4189132149312135603208316375797164809182810485650
6778158200951934844073316258187173471054839794127
10967290350264070447281632633984338280237650279777
17745448551216005291354948892171511751292490073904
28712738901480075738636581526155850031530140353681
46458187452696081029991530418327361782822630427585
75170926354176156768628111944483211814352770781266
121629113806872237798619642362810573597175401208851
196800040161048394567247754307293785411528171990117
318429153967920632365867396670104359008703573198968
515229194128969026933115150977398144420231745189085
833658348096889659298982547647502503428935318388053
1348887542225858686232097698624900647849167063577138
2182545890322748345531080246272403151278102381965191
3531433432548607031763177944897303799127269445542329
5713979322871355377294258191169706950405371827507520
9245412755419962409057436136067010749532641273049849
14959392078291317786351694327236717699938013100557369
24204804833711280195409130463303728449470654373607218
39164196912002597981760824790540446149408667474164587
63369001745713878177169955253844174598879321847771805
102533198657716476158930780044384620748287989321936392
165902200403430354336100735298228795347167311169708197
268435399061146830495031515342613416095455300491644589
434337599464577184831132250640842211442622611661352786
702772998525724015326163765983455627538077912152997375
1137110597990301200157296016624297838980700523814350161
1839883596516025215483459782607753466518778435967347536
2976994194506326415640755799232051305499478959781697697
4816877791022351631124215581839804772018257395749045233
7793871985528678046764971381071856077517736355530742930
12610749776551029677889186962911660849535993751279788163
20404621762079707724654158343983516927053730106810531093
33015371538630737402543345306895177776589723858090319256
53419993300710445127197503650878694703643453964900850349
86435364839341182529740848957773872480233177822991169605
139855358140051627656938352608652567183876631787892019954
226290722979392810186679201566426439664109809610883189559
366146081119444437843617554175079006847986441398775209513
592436804098837248030296755741505446512096251009658399072
958582885218281685873914309916584453360082692408433608585
1551019689317118933904211065658089899872178943418092007657
2509602574535400619778125375574674353232261635826525616242
4060622263852519553682336441232764253104440579244617623899
6570224838387920173460461816807438606336702215071143240141
10630847102240439727142798258040202859441142794315760864040
17201071940628359900603260074847641465777845009386904104181
27831919042868799627746058332887844325218987803702664968221
45032990983497159528349318407735485790996832813089569072402
72864910026365959156095376740623330116215820616792234040623
117897901009863118684444695148358815907212653429881803113025
190762811036229077840540071888982146023428474046674037153648
308660712046092196524984767037340961930641127476555840266673
499423523082321274365524838926323107954069601523229877420321
808084235128413470890509605963664069884710728999785717686994
1307507758210734745256034444889987177838780330523015595107315
2115591993339148216146544050853651247723491059522801312794309
3423099751549882961402578495743638425562271390045816907901624
5538691744889031177549122546597289673285762449568618220695933
8961791496438914138951701042340928098848033839614435128597557
14500483241327945316500823588938217772133796289183053349293490
23462274737766859455452524631279145870981830128797488477891047
37962757979094804771953348220217363643115626417980541827184537
61425032716861664227405872851496509514097456546778030305075584
99387790695956468999359221071713873157213082964758572132260121
160812823412818133226765093923210382671310539511536602437335705
260200614108774602226124314994924255828523622476295174569595826
421013437521592735452889408918134638499834161987831777006931531
681214051630367337679013723913058894328357784464126951576527357
1102227489151960073131903132831193532828191946451958728583458888
1783441540782327410810916856744252427156549730916085680159986245
2885669029934287483942819989575445959984741677368044408743445133
4669110570716614894753736846319698387141291408284130088903431378
7554779600650902378696556835895144347126033085652174497646876511
12223890171367517273450293682214842734267324493936304586550307889
19778669772018419652146850518109987081393357579588479084197184400
32002559943385936925597144200324829815660682073524783670747492289
51781229715404356577743994718434816897054039653113262754944676689
83783789658790293503341138918759646712714721726638046425692168978
135565019374194650081085133637194463609768761379751309180636845667
219348809032984943584426272555954110322483483106389355606329014645
354913828407179593665511406193148573932252244486140664786965860312
574262637440164537249937678749102684254735727592530020393294874957
929176465847344130915449084942251258186987972078670685180260735269
1503439103287508668165386763691353942441723699671200705573555610226
2432615569134852799080835848633605200628711671749871390753816345495
3936054672422361467246222612324959143070435371421072096327371955721
6368670241557214266327058460958564343699147043170943487081188301216
10304724913979575733573281073283523486769582414592015583408560256937
16673395155536789999900339534242087830468729457762959070489748558153
26978120069516365733473620607525611317238311872354974653898308815090
43651515225053155733373960141767699147707041330117933724388057373243
70629635294569521466847580749293310464945353202472908378286366188333
114281150519622677200221540891061009612652394532590842102674423561576
184910785814192198667069121640354320077597747735063750480960789749909
299191936333814875867290662531415329690250142267654592583635213311485
484102722148007074534359784171769649767847890002718343064596003061394
783294658481821950401650446703184979458098032270372935648231216372879
1267397380629829024936010230874954629225945922273091278712827219434273
2050692039111650975337660677578139608684043954543464214361058435807152
3318089419741480000273670908453094237909989876816555493073885655241425
5368781458853130975611331586031233846594033831360019707434944091048577
8686870878594610975885002494484328084504023708176575200508829746290002
14055652337447741951496334080515561931098057539536594907943773837338579
22742523216042352927381336574999890015602081247713170108452603583628581
36798175553490094878877670655515451946700138787249765016396377420967160
59540698769532447806259007230515341962302220034962935124848981004595741
96338874323022542685136677886030793909002358822212700141245358425562901
155879573092554990491395685116546135871304578857175635266094339430158642
252218447415577533176532363002576929780306937679388335407339697855721543
408098020508132523667928048119123065651611516536563970673434037285880185
660316467923710056844460411121699995431918454215952306080773735141601728
1068414488431842580512388459240823061083529970752516276754207772427481913
1728730956355552637356848870362523056515448424968468582834981507569083641
2797145444787395217869237329603346117598978395720984859589189279996565554
4525876401142947855226086199965869174114426820689453442424170787565649195
7323021845930343073095323529569215291713405216410438302013360067562214749
11848898247073290928321409729535084465827832037099891744437530855127863944
19171920093003634001416733259104299757541237253510330046450890922690078693
31020818340076924929738142988639384223369069290610221790888421777817942637
50192738433080558931154876247743683980910306544120551837339312700508021330
81213556773157483860893019236383068204279375834730773628227734478325963967
131406295206238042792047895484126752185189682378851325465567047178833985297
212619851979395526652940914720509820389469058213582099093794781657159949264
344026147185633569444988810204636572574658740592433424559361828835993934561
556645999165029096097929724925146392964127798806015523653156610493153883825
900672146350662665542918535129782965538786539398448948212518439329147818386
1457318145515691761640848260054929358502914338204464471865675049822301702211
2357990291866354427183766795184712324041700877602913420078193489151449520597
3815308437382046188824615055239641682544615215807377891943868538973751222808
6173298729248400616008381850424354006586316093410291312022062028125200743405
9988607166630446804832996905663995689130931309217669203965930567098951966213
16161905895878847420841378756088349695717247402627960515987992595224152709618
26150513062509294225674375661752345384848178711845629719953923162323104675831
42312418958388141646515754417840695080565426114473590235941915757547257385449
68462932020897435872190130079593040465413604826319219955895838919870362061280
110775350979285577518705884497433735545979030940792810191837754677417619446729
179238283000183013390896014577026776011392635767112030147733593597287981508009
290013633979468590909601899074460511557371666707904840339571348274705600954738
469251916979651604300497913651487287568764302475016870487304941871993582462747
759265550959120195210099812725947799126135969182921710826876290146699183417485
1228517467938771799510597726377435086694900271657938581314181232018692765880232
1987783018897891994720697539103382885821036240840860292141057522165391949297717
3216300486836663794231295265480817972515936512498798873455238754184084715177949
5204083505734555788951992804584200858336972753339659165596296276349476664475666
8420383992571219583183288070065018830852909265838458039051535030533561379653615
13624467498305775372135280874649219689189882019178117204647831306883038044129281
22044851490876994955318568944714238520042791285016575243699366337416599423782896
35669318989182770327453849819363458209232673304194692448347197644299637467912177
57714170480059765282772418764077696729275464589211267692046563981716236891695073
93383489469242535610226268583441154938508137893405960140393761626015874359607250
151097659949302300892998687347518851667783602482617227832440325607732111251302323
244481149418544836503224955930960006606291740376023187972834087233747985610909573
395578809367847137396223643278478858274075342858640415805274412841480096862211896
640059958786391973899448599209438864880367083234663603778108500075228082473121469
1035638768154239111295672242487917723154442426093304019583382912916708179335333365
1675698726940631085195120841697356588034809509327967623361491412991936261808454834
2711337495094870196490793084185274311189251935421271642944874325908644441143788199
4387036222035501281685913925882630899224061444749239266306365738900580702952243033
7098373717130371478176707010067905210413313380170510909251240064809225144096031232
11485409939165872759862620935950536109637374824919750175557605803709805847048274265
18583783656296244238039327946018441320050688205090261084808845868519030991144305497
30069193595462116997901948881968977429688063030010011260366451672228836838192579762
48652977251758361235941276827987418749738751235100272345175297540747867829336885259
78722170847220478233843225709956396179426814265110283605541749212976704667529465021
127375148098978839469784502537943814929165565500210555950717046753724572496866350280
206097318946199317703627728247900211108592379765320839556258795966701277164395815301
333472467045178157173412230785844026037757945265531395506975842720425849661262165581
539569785991377474877039959033744237146350325030852235063234638687127126825657980882
873042253036555632050452189819588263184108270296383630570210481407552976486920146463
1412612039027933106927492148853332500330458595327235865633445120094680103312578127345
2285654292064488738977944338672920763514566865623619496203655601502233079799498273808
3698266331092421845905436487526253263845025460950855361837100721596913183112076401153
5983920623156910584883380826199174027359592326574474858040756323099146262911574674961
9682186954249332430788817313725427291204617787525330219877857044696059446023651076114
15666107577406243015672198139924601318564210114099805077918613367795205708935225751075
25348294531655575446461015453650028609768827901625135297796470412491265154958876827189
41014402109061818462133213593574629928333038015724940375715083780286470863894102578264
66362696640717393908594229047224658538101865917350075673511554192777736018852979405453
107377098749779212370727442640799288466434903933075016049226637973064206882747081983717
173739795390496606279321671688023947004536769850425091722738192165841942901600061389170
281116894140275818650049114328823235470971673783500107771964830138906149784347143372887
454856689530772424929370786016847182475508443633925199494703022304748092685947204762057
735973583671048243579419900345670417946480117417425307266667852443654242470294348134944
1190830273201820668508790686362517600421988561051350506761370874748402335156241552897001
1926803856872868912088210586708188018368468678468775814028038727192056577626535901031945
3117634130074689580597001273070705618790457239520126320789409601940458912782777453928946
5044437986947558492685211859778893637158925917988902134817448329132515490409313354960891
8162072117022248073282213132849599255949383157509028455606857931072974403192090808889837
13206510103969806565967424992628492893108309075497930590424306260205489893601404163850728
21368582220992054639249638125478092149057692233006959046031164191278464296793494972740565
34575092324961861205217063118106585042166001308504889636455470451483954190394899136591293
55943674545953915844466701243584677191223693541511848682486634642762418487188394109331858
90518766870915777049683764361691262233389694850016738318942105094246372677583293245923151
146462441416869692894150465605275939424613388391528587001428739737008791164771687355255009
236981208287785469943834229966967201658003083241545325320370844831255163842354980601178160
383443649704655162837984695572243141082616471633073912321799584568263955007126667956433169
620424857992440632781818925539210342740619554874619237642170429399519118849481648557611329
1003868507697095795619803621111453483823236026507693149963970013967783073856608316514044498
1624293365689536428401622546650663826563855581382312387606140443367302192706089965071655827
2628161873386632224021426167762117310387091607890005537570110457335085266562698281585700325
4252455239076168652423048714412781136950947189272317925176250900702387459268788246657356152
6880617112462800876444474882174898447338038797162323462746361358037472725831486528243056477
11133072351538969528867523596587679584288985986434641387922612258739860185100274774900412629
18013689464001770405311998478762578031627024783596964850668973616777332910931761303143469106
29146761815540739934179522075350257615916010770031606238591585875517193096032036078043881735
47160451279542510339491520554112835647543035553628571089260559492294526006963797381187350841
76307213095083250273671042629463093263459046323660177327852145367811719102995833459231232576
123467664374625760613162563183575928911002081877288748417112704860106245109959630840418583417
199774877469709010886833605813039022174461128200948925744964850227917964212955464299649815993
323242541844334771499996168996614951085463210078237674162077555088024209322915095140068399410
523017419314043782386829774809653973259924338279186599907042405315942173535870559439718215403
846259961158378553886825943806268924345387548357424274069119960403966382858785654579786614813
1369277380472422336273655718615922897605311886636610873976162365719908556394656214019504830216
2215537341630800890160481662422191821950699434994035148045282326123874939253441868599291445029
3584814722103223226434137381038114719556011321630646022021444691843783495648098082618796275245
5800352063734024116594619043460306541506710756624681170066727017967658434901539951218087720274
9385166785837247343028756424498421261062722078255327192088171709811441930549638033836883995519
15185518849571271459623375467958727802569432834880008362154898727779100365451177985054971715793
24570685635408518802652131892457149063632154913135335554243070437590542296000816018891855711312
39756204484979790262275507360415876866201587748015343916397969165369642661451994003946827427105
64326890120388309064927639252873025929833742661150679470641039602960184957452810022838683138417
104083094605368099327203146613288902796035330409166023387039008768329827618904804026785510565522
168409984725756408392130785866161928725869073070316702857680048371290012576357614049624193703939
272493079331124507719333932479450831521904403479482726244719057139619840195262418076409704269461
440903064056880916111464718345612760247773476549799429102399105510909852771620032126033897973400
713396143388005423830798650825063591769677880029282155347118162650529692966882450202443602242861
1154299207444886339942263369170676352017451356579081584449517268161439545738502482328477500216261
1867695350832891763773062019995739943787129236608363739796635430811969238705384932530921102459122
3021994558277778103715325389166416295804580593187445324246152698973408784443887414859398602675383
4889689909110669867488387409162156239591709829795809064042788129785378023149272347390319705134505
7911684467388447971203712798328572535396290422983254388288940828758786807593159762249718307809888
12801374376499117838692100207490728774988000252779063452331728958544164830742432109640038012944393
20713058843887565809895813005819301310384290675762317840620669787302951638335591871889756320754281
33514433220386683648587913213310030085372290928541381292952398745847116469078023981529794333698674
54227492064274249458483726219129331395756581604303699133573068533150068107413615853419550654452955
87741925284660933107071639432439361481128872532845080426525467278997184576491639834949344988151629
141969417348935182565555365651568692876885454137148779560098535812147252683905255688368895642604584
229711342633596115672627005084008054358014326669993859986624003091144437260396895523318240630756213
371680759982531298238182370735576747234899780807142639546722538903291689944302151211687136273360797
601392102616127413910809375819584801592914107477136499533346541994436127204699046735005376904117010
973072862598658712148991746555161548827813888284279139080069080897727817149001197946692513177477807
1574464965214786126059801122374746350420727995761415638613415622892163944353700244681697890081594817
2547537827813444838208792868929907899248541884045694777693484703789891761502701442628390403259072624
4122002793028230964268593991304654249669269879807110416306900326682055705856401687310088293340667441
6669540620841675802477386860234562148917811763852805194000385030471947467359103129938478696599740065
10791543413869906766745980851539216398587081643659915610307285357154003173215504817248566989940407506
17461084034711582569223367711773778547504893407512720804307670387625950640574607947187045686540147571
28252627448581489335969348563312994946091975051172636414614955744779953813790112764435612676480555077
45713711483293071905192716275086773493596868458685357218922626132405904454364720711622658363020702648
73966338931874561241162064838399768439688843509857993633537581877185858268154833476058271039501257725
119680050415167633146354781113486541933285711968543350852460208009591762722519554187680929402521960373
193646389347042194387516845951886310372974555478401344485997789886777620990674387663739200442023218098
313326439762209827533871627065372852306260267446944695338457997896369383713193941851420129844545178471
506972829109252021921388473017259162679234822925346039824455787783147004703868329515159330286568396569
820299268871461849455260100082632014985495090372290735162913785679516388417062271366579460131113575040
1327272097980713871376648573099891177664729913297636774987369573462663393120930600881738790417681971609
2147571366852175720831908673182523192650225003669927510150283359142179781537992872248318250548795546649
3474843464832889592208557246282414370314954916967564285137652932604843174658923473130057040966477518258
5622414831685065313040465919464937562965179920637491795287936291747022956196916345378375291515273064907
9097258296517954905249023165747351933280134837605056080425589224351866130855839818508432332481750583165
14719673128203020218289489085212289496245314758242547875713525516098889087052756163886807623997023648072
23816931424720975123538512250959641429525449595847603956139114740450755217908595982395239956478774231237
38536604552923995341828001336171930925770764354090151831852640256549644304961352146282047580475797879309
62353535977644970465366513587131572355296213949937755787991754997000399522869948128677287536954572110546
100890140530568965807194514923303503281066978304027907619844395253550043827831300274959335117430369989855
163243676508213936272561028510435075636363192253965663407836150250550443350701248403636622654384942100401
264133817038782902079755543433738578917430170557993571027680545504100487178532548678595957771815312090256
427377493546996838352316571944173654553793362811959234435516695754650930529233797082232580426200254190657
691511310585779740432072115377912233471223533369952805463197241258751417707766345760828538198015566280913
1118888804132776578784388687322085888025016896181912039898713937013402348237000142843061118624215820471570
1810400114718556319216460802699998121496240429551864845361911178272153765944766488603889656822231386752483
2929288918851332898000849490022084009521257325733776885260625115285556114181766631446950775446447207224053
4739689033569889217217310292722082131017497755285641730622536293557709880126533120050840432268678593976536
7668977952421222115218159782744166140538755081019418615883161408843265994308299751497791207715125801200589
12408666985991111332435470075466248271556252836305060346505697702400975874434832871548631639983804395177125
20077644938412333447653629858210414412095007917324478962388859111244241868743132623046422847698930196377714
32486311924403444780089099933676662683651260753629539308894556813645217743177965494595054487682734591554839
52563956862815778227742729791887077095746268670954018271283415924889459611921098117641477335381664787932553
85050268787219223007831829725563739779397529424583557580177972738534677355099063612236531823064399379487392
137614225650035001235574559517450816875143798095537575851461388663424136967020161729878009158446064167419945
222664494437254224243406389243014556654541327520121133431639361401958814322119225342114540981510463546907337
360278720087289225478980948760465373529685125615658709283100750065382951289139387071992550139956527714327282
582943214524543449722387338003479930184226453135779842714740111467341765611258612414107091121466991261234619
943221934611832675201368286763945303713911578751438551997840861532724716900397999486099641261423518975561901
1526165149136376124923755624767425233898138031887218394712580973000066482511656611900206732382890510236796520
2469387083748208800125123911531370537612049610638656946710421834532791199412054611386306373644314029212358421
3995552232884584925048879536298795771510187642525875341423002807532857681923711223286513106027204539449154941
6464939316632793725174003447830166309122237253164532288133424642065648881335765834672819479671518568661513362
10460491549517378650222882984128962080632424895690407629556427449598506563259477057959332585698723108110668303
16925430866150172375396886431959128389754662148854939917689852091664155444595242892632152065370241676772181665
27385922415667551025619769416088090470387087044545347547246279541262662007854719950591484651068964784882849968
44311353281817723401016655848047218860141749193400287464936131632926817452449962843223636716439206461655031633
71697275697485274426636425264135309330528836237945635012182411174189479460304682793815121367508171246537881601
116008628979302997827653081112182528190670585431345922477118542807116296912754645637038758083947377708192913234
187705904676788272254289506376317837521199421669291557489300953981305776373059328430853879451455548954730794835
303714533656091270081942587488500365711870007100637479966419496788422073285813974067892637535402926662923708069
491420438332879542336232093864818203233069428769929037455720450769727849658873302498746516986858475617654502904
795134971988970812418174681353318568944939435870566517422139947558149922944687276566639154522261402280578210973
1286555410321850354754406775218136772178008864640495554877860398327877772603560579065385671509119877898232713877
2081690382310821167172581456571455341122948300511062072300000345886027695548247855632024826031381280178810924850
3368245792632671521926988231789592113300957165151557627177860744213905468151808434697410497540501158077043638727
5449936174943492689099569688361047454423905465662619699477861090099933163700056290329435323571882438255854563577
8818181967576164211026557920150639567724862630814177326655721834313838631851864725026845821112383596332898202304
14268118142519656900126127608511687022148768096476797026133582924413771795551921015356281144684266034588752765881
23086300110095821111152685528662326589873630727290974352789304758727610427403785740383126965796649630921650968185
37354418252615478011278813137174013612022398823767771378922887683141382222955706755739408110480915665510403734066
60440718362711299122431498665836340201896029551058745731712192441868992650359492496122535076277565296432054702251
97795136615326777133710311803010353813918428374826517110635080125010374873315199251861943186758480961942458436317
158235854978038076256141810468846694015814457925885262842347272566879367523674691747984478263036046258374513138568
256030991593364853389852122271857047829732886300711779952982352691889742396989890999846421449794527220316971574885
414266846571402929645993932740703741845547344226597042795329625258769109920664582747830899712830573478691484713453
670297838164767783035846055012560789675280230527308822748311977950658852317654473747677321162625100699008456288338
1084564684736170712681839987753264531520827574753905865543641603209427962238319056495508220875455674177699941001791
1754862522900938495717686042765825321196107805281214688291953581160086814555973530243185542038080774876708397290129
2839427207637109208399526030519089852716935380035120553835595184369514776794292586738693762913536449054408338291920
4594289730538047704117212073284915173913043185316335242127548765529601591350266116981879304951617223931116735582049
7433716938175156912516738103804005026629978565351455795963143949899116368144558703720573067865153672985525073873969
12028006668713204616633950177088920200543021750667791038090692715428717959494824820702452372816770896916641809456018
19461723606888361529150688280892925227173000316019246834053836665327834327639383524423025440681924569902166883329987
31489730275601566145784638457981845427716022066687037872144529380756552287134208345125477813498695466818808692786005
50951453882489927674935326738874770654889022382706284706198366046084386614773591869548503254180620036720975576115992
82441184158091493820719965196856616082605044449393322578342895426840938901907800214673981067679315503539784268901997
133392638040581421495655291935731386737494066832099607284541261472925325516681392084222484321859935540260759845017989
215833822198672915316375257132588002820099111281492929862884156899766264418589192298896465389539251043800544113919986
349226460239254336812030549068319389557593178113592537147425418372691589935270584383118949711399186584061303958937975
565060282437927252128405806200907392377692289395085467010309575272457854353859776682015415100938437627861848072857961
914286742677181588940436355269226781935285467508678004157734993645149444289130361065134364812337624211923152031795936
1479347025115108841068842161470134174312977756903763471168044568917607298642990137747149779913276061839785000104653897
2393633767792290430009278516739360956248263224412441475325779562562756742932120498812284144725613686051708152136449833
3872980792907399271078120678209495130561240981316204946493824131480364041575110636559433924638889747891493152241103730
6266614560699689701087399194948856086809504205728646421819603694043120784507231135371718069364503433943201304377553563
10139595353607088972165519873158351217370745187044851368313427825523484826082341771931151994003393181834694456618657293
16406209914306778673252919068107207304180249392773497790133031519566605610589572907302870063367896615777895760996210856
26545805267913867645418438941265558521550994579818349158446459345090090436671914679234022057371289797612590217614868149
42952015182220646318671358009372765825731243972591846948579490864656696047261487586536892120739186413390485978611079005
69497820450134513964089796950638324347282238552410196107025950209746786483933402265770914178110476211003076196225947154
112449835632355160282761154960011090173013482525002043055605441074403482531194889852307806298849662624393562174837026159
181947656082489674246850951910649414520295721077412239162631391284150269015128292118078720476960138835396638371062973313
294397491714844834529612106870660504693309203602414282218236832358553751546323181970386526775809801459790200545899999472
476345147797334508776463058781309919213604924679826521380868223642704020561451474088465247252769940295186838916962972785
770742639512179343306075165651970423906914128282240803599105056001257772107774656058851774028579741754977039462862972257
1247087787309513852082538224433280343120519052962067324979973279643961792669226130147317021281349682050163878379825945042
2017830426821693195388613390085250767027433181244308128579078335645219564777000786206168795309929423805140917842688917299
3264918214131207047471151614518531110147952234206375453559051615289181357446226916353485816591279105855304796222514862341
5282748640952900242859765004603781877175385415450683582138129950934400922223227702559654611901208529660445714065203779640
8547666855084107290330916619122312987323337649657059035697181566223582279669454618913140428492487635515750510287718641981
13830415496037007533190681623726094864498723065107742617835311517157983201892682321472795040393696165176196224352922421621
22378082351121114823521598242848407851822060714764801653532493083381565481562136940385935468886183800691946734640641063602
36208497847158122356712279866574502716320783779872544271367804600539548683454819261858730509279879965868142958993563485223
58586580198279237180233878109422910568142844494637345924900297683921114165016956202244665978166063766560089693634204548825
94795078045437359536946157975997413284463628274509890196268102284460662848471775464103396487445943732428232652627768034048
153381658243716596717180036085420323852606472769147236121168399968381777013488731666348062465612007498988322346261972582873
248176736289153956254126194061417737137070101043657126317436502252842439861960507130451458953057951231416554998889740616921
401558394532870552971306230146838060989676573812804362438604902221224216875449238796799521418669958730404877345151713199794
649735130822024509225432424208255798126746674856461488756041404474066656737409745927250980371727909961821432344041453816715
1051293525354895062196738654355093859116423248669265851194646306695290873612858984724050501790397868692226309689193167016509
1701028656176919571422171078563349657243169923525727339950687711169357530350268730651301482162125778654047742033234620833224
2752322181531814633618909732918443516359593172194993191145334017864648403963127715375351983952523647346274051722427787849733
4453350837708734205041080811481793173602763095720720531096021729034005934313396446026653466114649426000321793755662408682957
7205673019240548838659990544400236689962356267915713722241355746898654338276524161402005450067173073346595845478090196532690
11659023856949283043701071355882029863565119363636434253337377475932660272589920607428658916181822499346917639233752605215647
18864696876189831882361061900282266553527475631552147975578733222831314610866444768830664366248995572693513484711842801748337
30523720733139114926062133256164296417092594995188582228916110698763974883456365376259323282430818072040431123945595406963984
49388417609328946808423195156446562970620070626740730204494843921595289494322810145089987648679813644733944608657438208712321
79912138342468061734485328412610859387712665621929312433410954620359264377779175521349310931110631716774375732603033615676305
129300555951797008542908523569057422358332736248670042637905798541954553872101985666439298579790445361508320341260471824388626
209212694294265070277393851981668281746045401870599355071316753162313818249881161187788609510901077078282696073863505440064931
338513250246062078820302375550725704104378138119269397709222551704268372121983146854227908090691522439791016415123977264453557
547725944540327149097696227532393985850423539989868752780539304866582190371864308042016517601592599518073712488987482704518488
886239194786389227917998603083119689954801678109138150489761856570850562493847454896244425692284121957864728904111459968972045
1433965139326716377015694830615513675805225218099006903270301161437432752865711762938260943293876721475938441393098942673490533
2320204334113105604933693433698633365760026896208145053760063018008283315359559217834505368986160843433803170297210402642462578
3754169473439821981949388264314147041565252114307151957030364179445716068225270980772766312280037564909741611690309345315953111
6074373807552927586883081698012780407325279010515297010790427197453999383584830198607271681266198408343544781987519747958415689
9828543280992749568832469962326927448890531124822448967820791376899715451810101179380037993546235973253286393677829093274368800
15902917088545677155715551660339707856215810135337745978611218574353714835394931377987309674812434381596831175665348841232784489
25731460369538426724548021622666635305106341260160194946432009951253430287205032557367347668358670354850117569343177934507153289
41634377458084103880263573283006343161322151395497940925043228525607145122599963935354657343171104736446948745008526775739937778
67365837827622530604811594905672978466428492655658135871475238476860575409804996492722005011529775091297066314351704710247091067
109000215285706634485075168188679321627750644051156076796518467002467720532404960428076662354700879827744015059360231485987028845
176366053113329165089886763094352300094179136706814212667993705479328295942209956920798667366230654919041081373711936196234119912
285366268399035799574961931283031621721929780757970289464512172481796016474614917348875329720931534746785096433072167682221148757
461732321512364964664848694377383921816108917464784502132505877961124312416824874269673997087162189665826177806784103878455268669
747098589911400764239810625660415543538038698222754791597018050442920328891439791618549326808093724412611274239856271560676417426
1208830911423765728904659320037799465354147615687539293729523928404044641308264665888223323895255914078437452046640375439131686095
1955929501335166493144469945698215008892186313910294085326541978846964970199704457506772650703349638491048726286496646999808103521
3164760412758932222049129265736014474246333929597833379056065907251009611507969123394995974598605552569486178333137022438939789616
5120689914094098715193599211434229483138520243508127464382607886097974581707673580901768625301955191060534904619633669438747893137
8285450326853030937242728477170243957384854173105960843438673793348984193215642704296764599900560743630021082952770691877687682753
13406140240947129652436327688604473440523374416614088307821281679446958774923316285198533225202515934690555987572404361316435575890
21691590567800160589679056165774717397908228589720049151259955472795942968138958989495297825103076678320577070525175053194123258643
35097730808747290242115383854379190838431603006334137459081237152242901743062275274693831050305592613011133058097579414510558834533
56789321376547450831794440020153908236339831596054186610341192625038844711201234264189128875408669291331710128622754467704682093176
91887052185294741073909823874533099074771434602388324069422429777281746454263509538882959925714261904342843186720333882215240927709
148676373561842191905704263894687007311111266198442510679763622402320591165464743803072088801122931195674553315343088349919923020885
240563425747136932979614087769220106385882700800830834749186052179602337619728253341955048726837193100017396502063422232135163948594
389239799308979124885318351663907113696993966999273345428949674581922928785192997145027137527960124295691949817406510582055086969479
629803225056116057864932439433127220082876667800104180178135726761525266404921250486982186254797317395709346319469932814190250918073
1019043024365095182750250791097034333779870634799377525607085401343448195190114247632009323782757441691401296136876443396245337887552
1648846249421211240615183230530161553862747302599481705785221128104973461595035498118991510037554759087110642456346376210435588805625
2667889273786306423365434021627195887642617937398859231392306529448421656785149745751000833820312200778511938593222819606680926693177
4316735523207517663980617252157357441505365239998340937177527657553395118380185243869992343857866959865622581049569195817116515498802
6984624796993824087346051273784553329147983177397200168569834187001816775165334989620993177678179160644134519642792015423797442191979
11301360320201341751326668525941910770653348417395541105747361844555211893545520233490985521536046120509757100692361211240913957690781
18285985117195165838672719799726464099801331594792741274317196031557028668710855223111978699214225281153891620335153226664711399882760
29587345437396507589999388325668374870454680012188282380064557876112240562256375456602964220750271401663648721027514437905625357573541
47873330554591673428672108125394838970256011606981023654381753907669269230967230679714942919964496682817540341362667664570336757456301
77460675991988181018671496451063213840710691619169306034446311783781509793223606136317907140714768084481189062390182102475962115029842
125334006546579854447343604576458052810966703226150329688828065691450779024190836816032850060679264767298729403752849767046298872486143
202794682538568035466015101027521266651677394845319635723274377475232288817414442952350757201394032851779918466143031869522260987515985
328128689085147889913358705603979319462644098071469965412102443166683067841605279768383607262073297619078647869895881636568559860002128
530923371623715925379373806631500586114321492916789601135376820641915356659019722720734364463467330470858566336038913506090820847518113
859052060708863815292732512235479905576965590988259566547479263808598424500625002489117971725540628089937214205934795142659380707520241
1389975432332579740672106318866980491691287083905049167682856084450513781159644725209852336189007958560795780541973708648750201555038354
2249027493041443555964838831102460397268252674893308734230335348259112205660269727698970307914548586650732994747908503791409582262558595
3639002925374023296636945149969440888959539758798357901913191432709625986819914452908822644103556545211528775289882212440159783817596949
5888030418415466852601783981071901286227792433691666636143526780968738192480184180607792952018105131862261770037790716231569366080155544
9527033343789490149238729131041342175187332192490024538056718213678364179300098633516615596121661677073790545327672928671729149897752493
15415063762204957001840513112113243461415124626181691174200244994647102371780282814124408548139766808936052315365463644903298515977908037
24942097105994447151079242243154585636602456818671715712256963208325466551080381447641024144261428486009842860693136573575027665875660530
40357160868199404152919755355267829098017581444853406886457208202972568922860664261765432692401195294945895176058600218478326181853568567
65299257974193851303998997598422414734620038263525122598714171411298035473941045709406456836662623780955738036751736792053353847729229097
105656418842393255456918752953690243832637619708378529485171379614270604396801709971171889529063819075901633212810337010531680029582797664
170955676816587106760917750552112658567257657971903652083885551025568639870742755680578346365726442856857371249562073802585033877312026761
276612095658980362217836503505802902399895277680282181569056930639839244267544465651750235894790261932759004462372410813116713906894824425
447567772475567468978754254057915560967152935652185833652942481665407884138287221332328582260516704789616375711934484615701747784206851186
724179868134547831196590757563718463367048213332468015221999412305247128405831686984078818155306966722375380174306895428818461691101675611
1171747640610115300175345011621634024334201148984653848874941893970655012544118908316407400415823671511991755886241380044520209475308526797
1895927508744663131371935769185352487701249362317121864096941306275902140949950595300486218571130638234367136060548275473338671166410202408
3067675149354778431547280780806986512035450511301775712971883200246557153494069503616893618986954309746358891946789655517858880641718729205
4963602658099441562919216549992338999736699873618897577068824506522459294444020098917379837558084947980726028007337930991197551808128931613
8031277807454219994466497330799325511772150384920673290040707706769016447938089602534273456545039257727084919954127586509056432449847660818
12994880465553661557385713880791664511508850258539570867109532213291475742382109701451653294103124205707810947961465517500253984257976592431
21026158273007881551852211211590990023281000643460244157150239920060492190320199303985926750648163463434895867915593104009310416707824253249
34021038738561543109237925092382654534789850901999815024259772133351967932702309005437580044751287669142706815877058621509564400965800845680
55047197011569424661090136303973644558070851545460059181410012053412460123022508309423506795399451132577602683792651725518874817673625098929
89068235750130967770328061396356299092860702447459874205669784186764428055724817314861086840150738801720309499669710347028439218639425944609
144115432761700392431418197700329943650931553992919933387079796240176888178747325624284593635550189934297912183462362072547314036313051043538
233183668511831360201746259096686242743792256440379807592749580426941316234472142939145680475700928736018221683132072419575753254952476988147
377299101273531752633164456797016186394723810433299740979829376667118204413219468563430274111251118670316133866594434492123067291265528031685
610482769785363112834910715893702429138516066873679548572578957094059520647691611502575954586952047406334355549726506911698820546218005019832
987781871058894865468075172690718615533239877306979289552408333761177725060911080066006228698203166076650489416320941403821887837483533051517
1598264640844257978302985888584421044671755944180658838124987290855237245708602691568582183285155213482984844966047448315520708383701538071349
2586046511903152843771061061275139660204995821487638127677395624616414970769513771634588411983358379559635334382368389719342596221185071122866
4184311152747410822074046949859560704876751765668296965802382915471652216478116463203170595268513593042620179348415838034863304604886609194215
6770357664650563665845108011134700365081747587155935093479778540088067187247630234837759007251871972602255513730784227754205900826071680317081
10954668817397974487919154960994261069958499352824232059282161455559719403725746698040929602520385565644875693079200065789069205430958289511296
17725026482048538153764262972128961435040246939980167152761939995647786590973376932878688609772257538247131206809984293543275106257029969828377
28679695299446512641683417933123222504998746292804399212044101451207505994699123630919618212292643103892006899889184359332344311687988259339673
46404721781495050795447680905252183940038993232784566364806041446855292585672500563798306822064900642139138106699168652875619417945018229168050
75084417080941563437131098838375406445037739525588965576850142898062798580371624194717925034357543746031145006588353012207963729633006488507723
121489138862436614232578779743627590385076732758373531941656184344918091166044124758516231856422444388170283113287521665083583147578024717675773
196573555943378177669709878582002996830114472283962497518506327242980889746415748953234156890779988134201428119875874677291546877211031206183496
318062694805814791902288658325630587215191205042336029460162511587898980912459873711750388747202432522371711233163396342375130024789055923859269
514636250749192969571998536907633584045305677326298526978668838830879870658875622664984545637982420656573139353039271019666676902000087130042765
832698945555007761474287195233264171260496882368634556438831350418778851571335496376734934385184853178944850586202667362041806926789143053902034
1347335196304200731046285732140897755305802559694933083417500189249658722230211119041719480023167273835517989939241938381708483828789230183944799
2180034141859208492520572927374161926566299442063567639856331539668437573801546615418454414408352127014462840525444605743750290755578373237846833
3527369338163409223566858659515059681872102001758500723273831728918096296031757734460173894431519400849980830464686544125458774584367603421791632
5707403480022617716087431586889221608438401443822068363130163268586533869833304349878628308839871527864443670990131149869209065339945976659638465
9234772818186026939654290246404281290310503445580569086403994997504630165865062084338802203271390928714424501454817693994667839924313580081430097
14942176298208644655741721833293502898748904889402637449534158266091164035698366434217430512111262456578868172444948843863876905264259556741068562
24176949116394671595396012079697784189059408334983206535938153263595794201563428518556232715382653385293292673899766537858544745188573136822498659
39119125414603316251137733912991287087808313224385843985472311529686958237261794952773663227493915841872160846344715381722421650452832693563567221
63296074530997987846533745992689071276867721559369050521410464793282752438825223471329895942876569227165453520244481919580966395641405830386065880
102415199945601304097671479905680358364676034783754894506882776322969710676087018424103559170370485069037614366589197301303388046094238523949633101
165711274476599291944205225898369429641543756343123945028293241116252463114912241895433455113247054296203067886833679220884354441735644354335698981
268126474422200596041876705804049788006219791126878839535176017439222173790999260319537014283617539365240682253422876522187742487829882878285332082
433837748898799887986081931702419217647763547470002784563469258555474636905911502214970469396864593661443750140256555743072096929565527232621031063
701964223321000484027958637506469005653983338596881624098645275994696810696910762534507483680482133026684432393679432265259839417395410110906363145
1135801972219800372014040569208888223301746886066884408662114534550171447602822264749477953077346726688128182533935988008331936346960937343527394208
1837766195540800856041999206715357228955730224663766032760759810544868258299733027283985436757828859714812614927615420273591775764356347454433757353
2973568167760601228056039775924245452257477110730650441422874345095039705902555292033463389835175586402940797461551408281923712111317284797961151561
4811334363301402084098038982639602681213207335394416474183634155639907964202288319317448826593004446117753412389166828555515487875673632252394908914
7784902531062003312154078758563848133470684446125066915606508500734947670104843611350912216428180032520694209850718236837439199986990917050356060475
12596236894363405396252117741203450814683891781519483389790142656374855634307131930668361043021184478638447622239885065392954687862664549302750969389
20381139425425408708406196499767298948154576227644550305396651157109803304411975542019273259449364511159141832090603302230393887849655466353107029864
32977376319788814104658314240970749762838468009164033695186793813484658938719107472687634302470548989797589454330488367623348575712320015655857999253
53358515745214222813064510740738048710993044236808584000583444970594462243131083014706907561919913500956731286421091669853742463561975482008965029117
86335892065003036917722824981708798473831512245972617695770238784079121181850190487394541864390462490754320740751580037477091039274295497664823028370
139694407810217259730787335722446847184824556482781201696353683754673583424981273502101449426310375991711052027172671707330833502836270979673788057487
226030299875220296648510160704155645658656068728753819392123922538752704606831463989495991290700838482465372767924251744807924542110566477338611085857
365724707685437556379297496426602492843480625211535021088477606293426288031812737491597440717011214474176424795096923452138758044946837457012399143344
591755007560657853027807657130758138502136693940288840480601528832178992638644201481093432007712052956641797563021175196946682587057403934351010229201
957479715246095409407105153557360631345617319151823861569079135125605280670456938972690872724723267430818222358118098649085440632004241391363409372545
1549234722806753262434912810688118769847754013092112702049680663957784273309101140453784304732435320387460019921139273846032123219061645325714419601746
2506714438052848671842017964245479401193371332243936563618759799083389553979558079426475177457158587818278242279257372495117563851065886717077828974291
